49,35
48,2
48,1
48,3
10,88
10,290
10,176
10,310
10,116
10,130
10,12
10,298
11,13
11,12
11,21
11,29
11,23
8,16
8,4
8,7
20,3
20,2
20,1
19,3
19,2
19,1
12,3
12,2
12,1
11,30
11,28
11,25
11,19
11,17
11,15
11,9
11,7
11,3
11,2
11,1
10,264
10,190
10,134
10,124
10,118
10,102
18,1
10,100
18,3
10,28
10,3
10,2
10,1
9,7
9,6
9,4
9,3
9,2
9,1
8,18
8,17
8,15
8,14
8,9
8,8
8,5
8,3
8,2
8,1
3,3
3,2
3,1
2,3
2,2
2,1
0,472
0,0
13,1
14,1
14,3
13,3
0,9
49,34
49,33
49,32
49,31
49,30
49,29
49,28
49,27
49,26
49,25
49,24
49,23
49,22
49,21
49,20
49,19
